%YAML:1.0
---
calibration_time: "01/09/18 14:25:39"
nframes: 10
image_width: 640
image_height: 480
board_width: 7
board_height: 4
square_size: 2.5000000372529030e-002
aspectRatio: 1.
flags: 2
camera_matrix: !!opencv-matrix
   rows: 3
   cols: 3
   dt: d
   data: [ 4.9488756813733136e+002, 0., 2.9299149000549301e+002, 0.,
       4.9488756813733136e+002, 2.1456032886697827e+002, 0., 0., 1. ]
distortion_coefficients: !!opencv-matrix
   rows: 5
   cols: 1
   dt: d
   data: [ -2.9101129253195711e-002, 9.9669557518868657e-001,
       -1.0437443258767134e-002, 1.8891635087267999e-002,
       -2.1866481508077560e+000 ]
avg_reprojection_error: 3.1928248132987536e-001
per_view_reprojection_errors: !!opencv-matrix
   rows: 10
   cols: 1
   dt: f
   data: [ 3.14686447e-001, 3.17760497e-001, 3.16836178e-001,
       3.06446701e-001, 3.22351754e-001, 3.25744510e-001,
       3.22639167e-001, 3.24714869e-001, 3.14999312e-001,
       3.26095849e-001 ]
extrinsic_parameters: !!opencv-matrix
   rows: 10
   cols: 6
   dt: d
   data: [ 8.8237561498560810e-002, -1.5348298561748014e-001,
       9.1517698065509412e-003, -1.0005602461142359e-001,
       1.4251362076529522e-002, 2.8972932906980703e-001,
       8.7444113516718477e-002, -1.5303504575133034e-001,
       6.4268103131673643e-003, -1.0177467975767412e-001,
       1.5943427098632515e-002, 2.8942995000205413e-001,
       8.7454453976020863e-002, -1.5099656870353445e-001,
       5.4269250964558034e-003, -1.0178413226288638e-001,
       1.6423993597957279e-002, 2.9009766787302882e-001,
       8.6314539565139084e-002, -1.4982584077547084e-001,
       1.9410632998400250e-003, -1.0283002180079540e-001,
       1.7158426680057414e-002, 2.9107567382101035e-001,
       8.3481602666560975e-002, -1.5059976279162479e-001,
       2.3909041420691612e-003, -1.0210641196043871e-001,
       1.8977898376257955e-002, 2.9218186363470916e-001,
       8.4443247002003882e-002, -1.4843944778472362e-001,
       5.1614315281879944e-003, -1.0084568665844279e-001,
       1.8396012864001627e-002, 2.9300455014878146e-001,
       8.6077315665633342e-002, -1.4702561783400059e-001,
       6.9826401653728188e-003, -1.0074503691627741e-001,
       1.8022764057546031e-002, 2.9305181504341782e-001,
       8.5893967252764686e-002, -1.4728697914790906e-001,
       6.4758437866106258e-003, -1.0092068106062355e-001,
       1.6266397032966336e-002, 2.9280412338409068e-001,
       8.4299745297958473e-002, -1.4728190442597699e-001,
       7.2407002876313572e-003, -1.0071765168349496e-001,
       1.6919046767344268e-002, 2.9337262926809604e-001,
       8.3854567737033689e-002, -1.4609655922576531e-001,
       7.2336597891856967e-003, -1.0111763933918731e-001,
       1.7514817036542153e-002, 2.9388341885860186e-001 ]
image_points: !!opencv-matrix
   rows: 10
   cols: 28
   dt: "2f"
   data: [ 1.24198143e+002, 2.38382217e+002, 1.67560104e+002,
       2.38063751e+002, 2.09627686e+002, 2.38075470e+002,
       2.50670822e+002, 2.38347946e+002, 2.90891541e+002,
       2.38078552e+002, 3.30744080e+002, 2.38186890e+002,
       3.70103058e+002, 2.37787720e+002, 1.24996971e+002,
       2.79873077e+002, 1.68234131e+002, 2.78634308e+002,
       2.09879807e+002, 2.78254944e+002, 2.50654083e+002,
       2.78382568e+002, 2.90562103e+002, 2.77550507e+002,
       3.29729065e+002, 2.77118408e+002, 3.68619415e+002,
       2.76362000e+002, 1.25552200e+002, 3.21173218e+002,
       1.68600769e+002, 3.19236450e+002, 2.10204422e+002,
       3.18236084e+002, 2.50682800e+002, 3.18058838e+002,
       2.90176727e+002, 3.16743622e+002, 3.29161438e+002,
       3.15828522e+002, 3.67707428e+002, 3.14678223e+002,
       1.26251328e+002, 3.61960510e+002, 1.68966522e+002,
       3.59448486e+002, 2.10231384e+002, 3.58037933e+002,
       2.50507828e+002, 3.57390045e+002, 2.89737823e+002,
       3.55633362e+002, 3.28564758e+002, 3.54279846e+002,
       3.67165192e+002, 3.53180969e+002, 1.21167465e+002,
       2.41329254e+002, 1.64575256e+002, 2.40747284e+002,
       2.06712128e+002, 2.40648163e+002, 2.47802139e+002,
       2.40767105e+002, 2.88184723e+002, 2.40432159e+002,
       3.28025177e+002, 2.40394821e+002, 3.67405884e+002,
       2.39995697e+002, 1.22094002e+002, 2.82773468e+002,
       1.65383255e+002, 2.81443420e+002, 2.07163956e+002,
       2.80814148e+002, 2.47912979e+002, 2.80811584e+002,
       2.87918915e+002, 2.79926422e+002, 3.27340851e+002,
       2.79356659e+002, 3.66116577e+002, 2.78346191e+002,
       1.22695824e+002, 3.24156097e+002, 1.65837540e+002,
       3.22050018e+002, 2.07541077e+002, 3.20937347e+002,
       2.48179031e+002, 3.20543945e+002, 2.87608429e+002,
       3.19142731e+002, 3.26637299e+002, 3.18082214e+002,
       3.65423553e+002, 3.16876678e+002, 1.23520493e+002,
       3.64992706e+002, 1.66343262e+002, 3.62343353e+002,
       2.07655777e+002, 3.60731506e+002, 2.48076080e+002,
       3.59992462e+002, 2.87477386e+002, 3.58167877e+002,
       3.26263611e+002, 3.56560425e+002, 3.64870178e+002,
       3.55291565e+002, 1.21558327e+002, 2.42157684e+002,
       1.64805359e+002, 2.41447189e+002, 2.06924271e+002,
       2.41306488e+002, 2.47897385e+002, 2.41407349e+002,
       2.88236664e+002, 2.41052048e+002, 3.28015564e+002,
       2.40934341e+002, 3.67382294e+002, 2.40498245e+002,
       1.22546837e+002, 2.83388550e+002, 1.65676025e+002,
       2.82139954e+002, 2.07434677e+002, 2.81427368e+002,
       2.48128036e+002, 2.81413696e+002, 2.87977997e+002,
       2.80447144e+002, 3.27371521e+002, 2.79812683e+002,
       3.66117767e+002, 2.78764282e+002, 1.23175499e+002,
       3.24570557e+002, 1.66218216e+002, 3.22580048e+002,
       2.07777084e+002, 3.21378754e+002, 2.48342087e+002,
       3.21083527e+002, 2.87749207e+002, 3.19607788e+002,
       3.26750122e+002, 3.18575531e+002, 3.65469055e+002,
       3.17352936e+002, 1.23975250e+002, 3.65473114e+002,
       1.66655243e+002, 3.62778931e+002, 2.07948471e+002,
       3.61221619e+002, 2.48354279e+002, 3.60398895e+002,
       2.87653564e+002, 3.58493683e+002, 3.26374115e+002,
       3.56960205e+002, 3.65057831e+002, 3.55620422e+002,
       1.20415741e+002, 2.43225601e+002, 1.63560654e+002,
       2.42396362e+002, 2.05604919e+002, 2.42066696e+002,
       2.46389374e+002, 2.42113068e+002, 2.86503235e+002,
       2.41545670e+002, 3.26336060e+002, 2.41315536e+002,
       3.65629028e+002, 2.40673447e+002, 1.21429932e+002,
       2.84373535e+002, 1.64523560e+002, 2.82991699e+002,
       2.06156418e+002, 2.82272186e+002, 2.46626373e+002,
       2.82102875e+002, 2.86431488e+002, 2.80787506e+002,
       3.25768555e+002, 2.80166260e+002, 3.64557556e+002,
       2.79144196e+002, 1.22320129e+002, 3.25638947e+002,
       1.65280411e+002, 3.23364716e+002, 2.06610153e+002,
       3.22008179e+002, 2.46991364e+002, 3.21577332e+002,
       2.86401093e+002, 3.19975006e+002, 3.25506165e+002,
       3.18790924e+002, 3.63860107e+002, 3.17427338e+002,
       1.23286285e+002, 3.66264801e+002, 1.65819229e+002,
       3.63390289e+002, 2.06921387e+002, 3.61714478e+002,
       2.47192078e+002, 3.60721039e+002, 2.86405762e+002,
       3.58874542e+002, 3.25257019e+002, 3.57140961e+002,
       3.63549469e+002, 3.55668884e+002, 1.22387459e+002,
       2.46233185e+002, 1.65353043e+002, 2.45431152e+002,
       2.07065552e+002, 2.44997070e+002, 2.47739349e+002,
       2.45029266e+002, 2.87730133e+002, 2.44436005e+002,
       3.27389282e+002, 2.44239685e+002, 3.66417328e+002,
       2.43590652e+002, 1.23273369e+002, 2.87223267e+002,
       1.66113205e+002, 2.85738495e+002, 2.07606491e+002,
       2.85020416e+002, 2.47997543e+002, 2.84787354e+002,
       2.87615601e+002, 2.83599457e+002, 3.26687042e+002,
       2.82906372e+002, 3.65487579e+002, 2.81744171e+002,
       1.23940109e+002, 3.28401611e+002, 1.66651352e+002,
       3.26006195e+002, 2.08122055e+002, 3.24656555e+002,
